-240 200 76
-240 200 -70

-279 231 75

/execute as @a[y=210,dy=10] run tp @s -279 231 75

-239 251 175

-240 251 175

-279 231 77


-277 232 77
-309 232 105


-219 232 25
-253 232 119


-275 232 42
-254 232 119

-212 232 35
-218 232 113/

-211 231 97
-211 238 32

-211 231 124
-211 238 117

-237 231 24
-220 239 24

-220 231 124
-212 238 124

-223 233 122
-254 233 120


-277 233 76
-309 236 76


-310 233 105
-310 236 76

-283 233 106
-309 236 106

-253 237 123
-223 234 123

-258 234 129
-258 255 125


-259 238 124
-263 255 124


El TP:
-240 233 27

tp a casa:
-213 64 77
